   201    200.00
    70    70     0     0
    33    78    20    30
    59    52    20    10
    10   137    30    30
     4    28    10    10
    25    26    20    20
    86    37    10    40
     1   109    10    20
     6   135    40    10
    32    79    20    30
    24    26    20    40
    86    36    20    40
    95    35    10    30
    63    50    10    10
   100   106    10    20
    99   112    20    20
    36   135    10    30
    57    59    10    30
     8   124    10    40
    85   106    20    10
   103    69    30    20
   109   131    20    40
    43   140    10    10
   115   134    30    20
    98    70    10    40
   112    67    10    10
   102   104    20    40
    93    75    30    30
    90   104    20    10
   127   108    10    30
    84    99    20    40
   113    69    20    20
   129     9    10    30
    18    38    30    20
    30    27    10    40
    25    80    20    30
    17    37    30    40
    32   106    10    20
    43   135    10    20
    61    59    20    40
   104   106    20    30
   109    71    20    30
   121   110    30    10
    61    48    20    40
    74    99    20    40
    89    73    10    10
    21    25    20    40
    99    28    30    20
   101    96    10    20
     9   114    20    10
   121   112    20    20
   137     6    10    10
   118   131    20    30
    34    82    10    30
     4   125    30    20
    26   105    40    10
    35   123    20    20
    21    48    10    20
    21   115    10    30
    99   108    20    40
     1    34    20    20
    94    70    20    10
    74    93    20    40
    32   128    20    20
    94    73    10    10
   135     3    20    30
    97    28    20    20
    59    56    20    30
    80    97    10    40
   134    31    20    20
   103    34    30    20
    30    79    20    20
     4    30    40    30
    87    39    20    20
    90   101    10    40
   119   136    30    30
    78    92    30    40
   110    66    10    30
    62    58    20    30
   127   112    20    40
   113    71    10    10
    34   104    10    40
     2    28    10    40
    17    43    10    20
     1    24    10    30
   112    71    20    20
   135     0    10    30
   125   108    20    30
     8   138    30    20
   103   111    20    30
    57    53    10    40
    98    31    20    40
   116   132    10    30
    28    99    10    10
   137     3    20    10
    29    28    10    20
    94   105    10    20
    92   107    30    10
    10   134    10    20
    34    79    10    30
    94    72    20    30
    35    76    10    30
    76    99    20    40
   127    28    30    20
     8   119    20    20
   102   110    10    30
    24    24    10    30
    64    61    20    10
    22    38    20    10
    88    72    30    10
   107    63    30    40
    33   131    30    10
   123   112    20    20
    67    55    10    10
    39   128    10    40
   136     0    30    30
    93    36    20    40
     7   115    10    10
    21    44    20    20
    28    74    20    40
    86   102    10    30
    19    37    20    40
    84    36    10    40
   118   108    10    10
   132    24    10    40
     6    25    10    20
    28    78    10    10
     2   132    10    40
    22    22    10    30
    88    35    20    10
    94   104    10    20
    74    96    30    30
     0   117    30    20
    99    96    10    10
   119   114    20    40
    28   107    20    40
   133    12    10    10
    35   102    10    20
    36   105    20    30
    84    39    20    30
    34   138    20    30
   136    29    10    40
    33   133    20    20
    16    39    20    40
    32    77    20    40
   122   131    20    20
    77   100    20    40
    96    26    10    30
   127    29    20    30
    91    95    20    40
    42   136    10    20
    36   132    10    40
   103   106    30    40
   107   105    10    10
    96    74    10    30
    63    57    10    40
   122   113    20    30
    14   131    10    20
    30    31    20    20
    40   132    20    40
    99    26    40    10
    10   118    10    40
   102    60    30    10
   120   136    10    30
    97    29    30    20
    19    39    10    40
    27    77    10    20
    30    24    20    20
   126   112    10    40
   105   110    20    20
   118   114    10    30
   135     6    30    40
   111    66    20    20
    95    77    10    30
   139    10    30    40
    61    54    10    30
    16    38    20    40
    16   138    10    10
    91    78    10    40
    91    71    20    40
     0    27    30    40
     6   113    20    40
   119   139    20    30
    35    99    20    40
    31   112    20    40
     5   119    20    20
     3   135    20    30
    30   136    10    40
    20    39    10    10
   131    11    10    10
    28    33    20    40
     4    23    10    30
    87   108    20    10
    21    26    20    40
   121   134    20    40
   119   130    20    30
    91   108    10    20
   130    27    30    40
   101   107    10    20
    34   108    10    20
   131    31    20    40
